858059898583646208
858059374509662208
858059136935788545
858032087798087682
858070183713415168
858069970705633281
858073339339968512
858091837168513024
858092789971791873
858092471754121216
858092345019035648
858092196431638528
858093220718313473
858093127567069184
858093491171336192
858094482478292993
858094861341294594
858096500055961600
858908944923799552
859069767147237377
859072014476333057
859072673233731584
859080009482457088
859096391985111041
863845815974068225
867913556691439616
868500494527991808
